9780415098755
9780719086588
9788121940368
9788170353300
9788170355854
9788184290370
9788189902186
9788189972943
9788190849906
9788193753644
9788194968412
9788197113215
9789251098608
9789351248651
9789351671763
9789352220168
9789354611544
9789356819412
9789357986755
9789359197043
9789361384660
9789380995311
9789382664659
9789383246700
9789384646622
9789385622267
9789385630965
9789386123060
9789386714015
9789387805569
9789389373653
9789389605303
9789389968033
9789390820054
9789391187026
9789391907912
9789391971687
9789393790552
9798888360446
