9780007290895	
9780024751706	
9780030229190	
9780048231864	
9780065012613	
9780070147270	
9780070287655	
9780071122818	
9780071129091	
9780071317887	
9780071438483	
9780091794392	
9780099498469	
9780130956866	
9780132277600	
9780134838922	
9780137542505	
9780140088007	
9780140319071	
9780141027517	
9780141380551	
9780190123284	
9780195632866	
9780199595020	
9780201010053	
9780201407662	
9780205197491	
9780224085625	
9780231102827	
9780237522636	
9780256125764	
9780262192804	
9780263804003	
9780273602316	
9780312241094	
9780316331272	
9780316851770	
9780330266369	
9780330331258	
9780330369572	
9780333471500	
9780335157327	
9780340773918	
9780356102252	
9780387230368	
9780397508334	
9780397544301	
9780406972705	
9780412280504	
9780415025256	
9780434984855	
9780442301446	
9780443059605	
9780443069062	
9780443072918	
9780444423122	
9780444426734	
9780471997306	
9780517160206	
9780552156639	
9780552999090	
9780563537489	
9780572019488	
9780590133777	
9780593054062	
9780632012770	
9780632020928	
9780669360745	
9780670806034	
9780683037678	
9780697104137	
9780697216113	
9780706377798	
9780706956030	
9780708849026	
9780712639033	
9780727702203	
9780727716392	
9780732288143	
9780743206716	
9780743285551	
9780747242789	
9780747513056	
9780751516302	
9780751530254	
9780752874289	
9780753701423	
9780755340798	
9780763748357	
9780774862783	
9780789709431
9780789711595	
9780789738301	
9780791436288	
9780792307235	
9780801401237	
9780801674341	
9780803656246	
9780808918233	
9780812115536	
9780821307038	
9780821408704	
9780824790370	
9780838503348	
9780849377785	
9780857525857	
9780863630460	
9780873393003	
9780876281918	
9780878146345	
9780880881906	
9780887376474	
9780896036406	
9780905214153	
9780907631996	
9780942710762	
9780943255149	
9780948929441	
9780962733475	
9781107052406	
9781107618633	
9781117207919	
9781152005921	
9781259254406	
9781260566611	
9781407133140	
9781557661753	
9781566860390	
9781576103784	
9781586030650	
9781591402985	
9781626710788	
9781639899319	
9781641724296	
9781646466283	
9781647254322	
9781781634288	
9781785150869	
9781841495835	
9781841955308	
9781846141805	
9781848364332	
9781856692458	
9781857998542	
9781860940941	
9781861083616	
9781870098267	
9781870626859	
9781905791231	
9782067151291	
9783540160861	
9783540185741	
9783540534365	
9783540593461	
9783540966050	
9783764372910	
9788119162390	
9788119813810	
9788122472769	
9788126105809	
9788126106820	
9788126116379	
9788126541348	
9788129700469	
9788131000304	
9788131308899	
9788131517086	
9788170356493	
9788170356745	
9788171393305	
9788172160463	
9788172161064	
9788172163525	
9788172165390	
9788174506368	
9788174532848	
9788174887931	
9788175244788	
9788177396577	
9788181280619	
9788181471284	
9788182902251	
9788183270113	
9788183760805	
9788183870900	
9788183871129	
9788184007930	
9788184111125	
9788185211121	
9788185952307	
9788189000219	
9788189304164	
9788189304447	
9788189902438	
9788189981297	
9788192173863	
9788194793205	
9788194978732	
9788195191932	
9788196954291	
9788197300219	
9789004114456	
9789004141582	
9789004158139	
9789004184343	
9789004204997	
9789004217577	
9789004235793	
9789004265431	
9789004285446	
9789004287730	
9789004288331	
9789004288393	
9789004288768	
9789004288898	
9789004288904	
9789004289338	
9789004291638	
9789004292130	
9789004292994	
9789004293168	
9789004294639	
9789004294707	
9789004296831	
9789004297555	
9789004299252	
9789004300507	
9789004301337	
9789004303843	
9789004304024	
9789004305397	
9789004307858	
9789004308596	
9789004309821	
9789004310087	
9789004310179	
9789004310261	
9789004313484	
9789004315150	
9789004315167	
9789004316065	
9789004316119	
9789004316379	
9789004319387	
9789004322769	
9789004322981	
9789004325500	
9789004325647	
9789004326712	
9789004346161	
9789004347267	
9789004347847	
9789004348493	
9789004348646	
9789004348981	
9789004349476	
9789004353008	
9789004354173	
9789004355361	
9789004356184	
9789004357235	
9789004359628	
9789004360242	
9789004362369	
9789004370586	
9789004372481	
9789004375550	
9789004376984	
9789004381759	
9789004381834	
9789004382138	
9789004382589	
9789004383760	
9789004384392	
9789004385283	
9789004385597	
9789004386518	
9789004390089	
9789004392458	
9789004392496	
9789004398238	
9789004399099	
9789004399853	
9789004400702	
9789004401273	
9789004401785	
9789004409538	
9789004411258	
9789004411265	
9789004412538	
9789004414327	
9789004415508	
9789004416406	
9789004416475	
9789004421547	
9789004421592	
9789004422520	
9789004423442	
9789004426634	
9789004428126	
9789004429703	
9789004430983	
9789004431270	
9789004432550	
9789004433403	
9789004434479	
9789004435223	
9789004435476	
9789004437005	
9789004437616	
9789004437654	
9789004438361	
9789004439504	
9789004440920	
9789004441453	
9789004445154	
9789004454187	
9789004461932	
9789004466296	
9789004467231	
9789004470286	
9789004471214	
9789004498822	
9789004498907	
9789004500235	
9789004503458	
9789004506107	
9789004506244	
9789004512627	
9789004513914	
9789004515185	
9789004515208	
9789004515567	
9789004515659	
9789004518766	
9789004518858	
9789004521735	
9789004522398	
9789004523760	
9789004524309	
9789004525405	
9789004527263	
9789004527751	
9789004529045	
9789004532076	
9789004533028	
9789004534223	
9789004534681	
9789004534940	
9789004535480	
9789004536005	
9789004536593	
9789004537408	
9789004538498	
9789004538559	
9789004541313	
9789004544611	
9789004545618	
9789004545939	
9789004547926	
9789004549135	
9789004677753	
9789004677869	
9789004679429	
9789004680098	
9789004681026	
9789004685123	
9789004690523	
9789004695757	
9789004696341	
9789004696693	
9789004697638	
9789004699045	
9789004703353	
9789004708259	
9789004714304	
9789004715080	
9789004722484	
9789004725317	
9789004726659	
9789004729407	
9789004730533	
9789004730939	
9789027923028	
9789041103659	
9789041117861	
9789041118332	
9789041188595	
9789042012769	
9789042020375	
9789042021259	
9789042021303	
9789042022263	
9789042025240	
9789042026766	
9789051994643	
9789070430054	
9789196470476	
9789275178215	
9789311130743	
9789312146903	
9789347217517	
9789348005236	
9789350066805	
9789350121245	
9789350143681	6:52
9789350271490	
9789350563564	
9789350740224	
9789350741276	
9789350741870	
9789351847472	
9789352220397	
9789352602643	
9789352705283	
9789352705405	
9789352776627	
9789353067236	
9789353792312	
9789353796020	
9789355517968	
9789355617668	
9789356125537	
9789356127692	
9789356127746	
9789356129139	
9789356684218	
9789356811027	
9789356817531	
9789357855914	
9789357983495	
9789357985321	
9789357989138	
9789359071572	
9789359073699	
9789359076447	
9789359193809	
9789360844004	
9789362255983	
9789362259639	
9789362477248	
9789362982681	
9789363073005	
9789364520904	
9789368405191	
9789368409137	
9789368409540	
9789368822264	
9789368823445	
9789368886174	
9789368900986	
9789368905431	
9789368905561	
9789368908319	
9789368909002	
9789368933694	
9789368933748	
9789368938248	
9789368972365	
9789369578511	
9789369631391	
9789370224438	
9789370780187	
9789370780644	
9789370780934	
9789370781108	
9789370781511	
9789370782044	
9789370783669	
9789370783959	
9789370784338	
9789370784871	
9789370787117	
9789370787865	
9789370789951	
9789370846935	
9789370911147	
9789370915367	
9789370915862	
9789370917774	
9789370918191	
9789370918665	
9789371010824	
9789371536875	
9789373013800	
9789378313073	
9789378313226	
9789378313462	
9789378314216	
9789378314261	
9789380012810	
9789380013817	
9789380014753	
9789380014760	
9789380026497	
9789380027135	
9789380027272	
9789380027432	
9789380037349	
9789380096049	
9789380096315	
9789380138664	
9789380143217	
9789380162508	
9789380164441	
9789380164632	
9789380165073	
9789380179223	
9789380184258	
9789380184272	
9789380186351	
9789380186436	
9789380186498	
9789380191911	
9789380257068	
9789380266848	3:57
9789380293578	
9789380308432	
9789380318271	
9789380348292	
9789380348551	
9789380348780	
9789380388809	
9789380443720	
9789380467153	
9789380501444	
9789380545233	
9789380578910	
9789380626079	
9789380655024	
9789380704074	
9789380704708	
9789380731728	
9789380731964	
9789380748603	
9789380833552	
9789380833880	
9789380873428	
9789380902302	
9789380921815	
9789380937199	
9789380937496	
9789380995557	
9789380995922	
9789381005910	
9789381030035	
9789381090039	
9789381138717	
9789381162712	
9789381176009	
9789381176771	
9789381226551	
9789381226650	
9789381226926	
9789381252148	
9789381252307	
9789381252321	
9789381252611	
9789381450765	
9789381465394	
9789381563151	
9789381709030	
9789381709122	
9789381709313	
9789381763490	
9789381839096	
9789381839256	
9789381839270	
9789381839348	
9789381839508	
9789381839515	
9789381839652	
9789381839836	
9789381906835	
9789381938379	
9789381957530	
9789382004042	
9789382126171	
9789382126539	
9789382126669	
9789382126706	
9789382126850	
9789382182399	
9789382186298	
9789382192299	
9789382252818	
9789382264101	
9789382267027	
9789382291527	
9789382301110	
9789382301455	
9789382301523	
9789382332299	
9789382332879	
9789382420835	
9789382423157	
9789382423294	
9789382423379	
9789382741268	
9789382885443	
9789382901624	
9789382993537	
9789383026692	
9789383026791	
9789383099344	
9789383099375	
9789383110681	
9789383131587	
9789383147243	
9789383147595	
9789383158058	
9789383158195	
9789383158256	
9789383158348	
9789383158676	
9789383204311	
9789383359707	
9789383468652	
9789383794027	
9789383815029	
9789383837403	
9789383861323	
9789383861835	
9789383914135	
9789383914173	
9789383992096	
9789384004408	
9789384007607	
9789384024970	
9789384229108	
9789384229344	
9789384229474	
9789384229672	
9789384285890	
9789384344672	
9789384598129	
9789384598402	
9789384603632	
9789384637996	
9789384866358	
9789384873738	
9789384873745	
9789384901431	
9789384958374	
9789385022852	
9789385039171	
9789385046056	
9789385046612	
9789385268113	
9789385268991	
9789385318894	
9789385503740	
9789385520174	
9789385581083	
9789385581601	
9789385763854	
9789385867439	
9789385891243	
9789385915529	
9789385923685	
9789385923821	
9789385999161	
9789386056115	
9789386056832	
9789386114181	
9789386114334	
9789386148186	
9789386210098	
9789386253972	
9789386286895	
9789386322371	
9789386439901	
9789386478405	
9789386648273	
9789386648433	
9789386648730	
9789386682314	
9789386711434	
9789386714312	
9789386714404	
9789386737038	
9789386737069	
9789386737632	
9789386768261	
9789386817136	
9789386827135	
9789386832023	
9789386841391	
9789386846525	
9789386867483	
9789386870704	
9789386871473	
9789386936066	
9789387085213	
9789387085985	
9789387146273	
9789387146877	
9789387164642	
9789387193253	
9789387253322	
9789387273139	
9789387295384	
9789387318267	
9789387333222	
9789387367029	
9789387642935	
9789387651753	
9789387671096	
9789387671393	
9789387671508	
9789387707443	
9789387707474	
9789387707733	
9789387707924	
9789387752788	
9789387762794	
9789387763685	
9789387788053	
9789387906310	
9789387909366	
9789387945364	
9789387963146	
9789387964112	
9789387968158	
9789388050302	
9789388050975	
9789388176316	
9789388187923	
9789388352383	
9789388369060	
9789388386395	
9789388454759	
9789388457095	
9789388477178	
9789388477390	
9789388606301	
9789388621786	
9789388635066	
9789388635141	
9789388635493	
9789388725965	
9789388738354	
9789388738477	
9789388796644	
9789388796835	
9789388854405	
9789388854580	
9789388860376	
9789388865333	
9789388889902	
9789388950336	
9789388978286	
9789388984416	
9789389007596	
9789389007640	
9789389047103	
9789389110005	
9789389115659	
9789389294125	
9789389307399	
9789389307993	
9789389403107	
9789389419320	
9789389447194	
9789389520293	
9789389520958	
9789389530957	
9789389536461	
9789389538540	
9789389538939	
9789389556483	
9789389560367	
9789389582796	
9789389583595	
9789389583922	
9789389587166	
9789389587562	
9789389627602	
9789389627619	
9789389627626	
9789389633030
9789389633139	
9789389655100	
9789389698718	
9789389765175	
9789389775365	
9789389820195	
9789389824780	
9789389845068	
9789389859751	
9789389872194	
9789389872408	
9789389900248	
9789389976380	
9789389987607	
9789390000180	
9789390012992	
9789390053230	
9789390053377	
9789390053452	
9789390053551	
9789390053582	
9789390053636	
9789390053643	
9789390053667	
9789390053742	
9789390053902	
9789390104543	
9789390215218	
9789390232703	
9789390232741	
9789390232758	
9789390372393	
9789390377213	
9789390377367	
9789390377879	
9789390378784	
9789390387458	
9789390387496	
9789390395514	
9789390441952	
9789390449248	
9789390449392	
9789390619177	
9789390619269	
9789390619818	
9789390619924	
9789390641482	
9789390641512	
9789390771554	
9789390771806	
9789390771998	
9789390900152	
9789390900190	
9789391004293	
9789391009946	
9789391030377	
9789391050979	
9789391070113	
9789391070984	
9789391098209	
9789391098483	
9789391183042	
9789391183332	
9789391188702	
9789391261047	
9789391261573	
9789391261689	
9789391261924	
9789391392338	
9789391398057	
9789391398903	
9789391513450	
9789391638163	
9789391670030	
9789391670382	
9789391670764	
9789391670832	
9789391692124	
9789391694121	
9789391694149	
9789391726850	
9789391748050	
9789391748524	
9789391748876	
9789391750191	
9789391771577	
9789391793234	
9789391793661	
9789391793753	
9789391793906	
9789391793920	
9789391801465	
9789391801762	
9789391806135	
9789391806184	
9789391862149	
9789391905518	
9789391916704	
9789391931341	
9789391931369	
9789391938880	
9789391940105	
9789391954770	
9789391972929	
9789391972998	
9789392131011	
9789392208102	
9789392208508	
9789392266164	
9789392530654	
9789392643774	
9789392692239	
9789392692345	
9789392694295	
9789392876721	
9789392924781	
9789392969744	
9789392969898	
9789392991066	
9789392991233	
9789393084125	
9789393088017	
9789393124401	
9789393137265	
9789393137562	
9789393308405	
9789393316301	
9789393547118	
9789393585011	
9789393631107	
9789393725257	
9789393725301	
9789393725554	
9789393726018	
9789393774156	
9789393774354	
9789393882257	
9789393882288	
9789393882295	
9789393882349	
9789393882455	
9789393882479	
9789393882646	
9789394096400	
9789394335127	
9789394344044	
9789394380226	
9789394511262	
9789394691476	
9789394691537	
9789394691544	
9789394691759	
9789394755000	
9789394836402	
9789395082358	
9789395082501	
9789395192231	
9789395222310	
9789395222716	
9789395233170	
9789395233521	
9789395233842	
9789395473095	
9789395473491	
9789395473705	
9789395473743	
9789395511261	
9789395511285	
9789395511292	
9789395511308	
9789395511377	
9789395511414	
9789395511773	
9789395511896	
9789395649896	
9789395731300	
9789395742511	
9789395767668	
9789395874182	
9789395874335	
9789395874434	
9789395880169	
9789395880176	
9789395975186	
9789428576169	
9789463761239	
9789466848181	
9789514588823	
9789522334022	
9789526070025	
9789541780603	
9789621016373	
9789634220828	
9789642109658	
9789642192895	
9789674605876	
9789678532706	
9789694607734	
9789700304792	
9789712582250	
9789716905184	
9789727380855	
9789746521758	
9789746775112	
9789810226879	
9789818338567	
9789835011199	
9789838542502	
9789846614199	
9789849601769	
9789868068868	
9789877620743	
9789890232845	
9789901759652	
9789944724451	
9789963472541	
9789984472826	
9789986821330	
9798885034715	
9798885215305	
9798885219365	
9798885301244	
9798885465014	
9798885467360	
9798885551960	
9798885552233	
9798885558327	
9798885912969	
9798885913409	
9798885913539	
9798886066838	
9798886069990	
9798886411768	
9798887337159	
9798887337524	
9798887493886	
9798887726311	
9798887835075	
9798888331316	
9798888334720	
9798888837641	
9798889354550	
9798889862420	
9798892770415	
9798892771115	
9798892774246	
9798893630596	
9798896240617	
9798896244059	
9798896244370	
9798896736783	
9798896997955	
9798897512782	
9798897513406	
9798899069376	
9798899292507	
9798899843433	
9810003854989	
9780007258666	
9798890660336	
